1000
31 43 35
0 27 62
72 40 83
38 2 57
27 5 38
78 56 13
41 20 71
66 16 67
69 18 21
75 2 67
64 20 30
42 25 39
74 76 22
80 53 38
1 94 5
35 87 31
25 76 48
44 71 96
59 82 94
25 93 2
69 91 72
100 61 33
43 86 20
12 7 78
25 17 18
93 73 82
14 58 26
17 53 33
44 95 98
69 26 21
41 88 72
67 3 26
48 86 21
28 100 1
75 55 81
67 43 16
34 59 57
15 40 98
78 28 15
43 89 76
56 92 59
55 58 79
19 80 12
44 19 7
51 72 5
81 14 29
94 53 82
27 65 77
14 78 60
23 79 47
35 57 4
63 42 23
8 3 76
28 46 55
58 91 89
75 28 25
91 54 60
76 21 60
64 82 82
43 30 26
24 8 15
82 28 71
66 20 11
51 16 83
34 27 91
36 98 27
70 70 72
1 23 57
36 67 58
84 38 75
26 20 90
83 53 23
32 43 54
27 23 13
93 24 72
91 77 63
26 92 27
90 76 61
29 21 13
45 4 63
42 8 52
89 48 39
69 25 52
74 98 45
90 93 62
49 35 2
87 37 39
68 55 29
84 63 23
98 80 87
19 13 36
71 75 25
85 13 84
89 8 11
100 63 3
100 74 54
96 55 72
41 32 82
43 9 84
94 6 97
17 89 70
4 11 83
27 63 72
34 16 89
96 23 79
75 97 39
82 79 96
15 81 62
0 30 70
67 89 59
67 88 33
86 7 52
98 55 70
93 6 84
40 32 40
83 81 21
59 89 41
87 12 14
0 42 24
49 43 41
52 71 59
2 42 20
20 73 91
73 5 80
6 54 76
10 36 76
46 18 82
13 47 81
85 73 67
62 86 17
55 82 52
31 83 25
18 89 10
2 67 55
80 60 28
4 92 13
15 74 4
7 38 80
76 78 55
11 10 80
79 48 76
66 75 25
90 69 60
98 31 67
52 33 14
70 15 34
28 95 98
21 84 62
28 58 46
13 35 36
42 33 100
100 55 38
67 23 25
84 79 64
54 28 35
35 45 55
47 74 14
41 9 44
97 61 94
10 37 85
85 74 65
83 12 56
21 1 14
33 58 9
58 18 38
76 86 17
84 1 80
67 5 11
74 86 76
16 39 79
46 13 17
6 54 76
29 11 42
55 68 37
0 71 40
85 68 41
54 83 44
55 77 36
7 72 10
56 6 32
75 97 59
34 67 6
20 14 88
58 12 24
78 53 78
6 56 93
36 65 62
9 72 95
22 75 38
96 10 58
56 87 92
9 77 77
49 32 95
77 46 25
35 55 45
94 29 61
13 9 38
54 36 40
98 4 46
40 5 31
32 67 10
22 14 70
64 76 28
49 86 5
29 35 24
8 78 93
82 77 39
61 11 97
82 47 30
66 68 37
78 22 46
34 9 32
11 69 57
100 6 31
95 82 27
28 96 15
13 99 9
9 67 78
94 30 5
77 65 16
13 98 74
42 12 84
30 29 57
96 28 17
65 19 26
31 3 8
12 100 82
76 58 19
1 74 53
86 33 83
67 12 75
39 68 98
86 75 33
97 44 64
3 8 88
81 53 85
41 48 10
63 90 6
93 62 100
46 65 73
71 52 15
21 89 97
42 93 80
59 30 79
50 36 93
56 48 75
13 28 46
43 44 59
31 11 98
82 89 7
79 6 20
99 91 5
8 64 34
97 96 54
41 12 92
39 42 75
59 31 96
33 18 17
62 59 95
68 88 23
24 100 35
100 26 16
7 13 96
73 9 85
4 79 33
82 94 57
2 20 12
67 56 15
19 32 19
96 44 13
6 36 66
4 45 66
11 30 40
75 18 15
54 70 59
82 32 14
33 60 68
57 58 89
41 98 74
75 52 73
49 2 81
51 46 69
63 4 15
32 81 7
41 54 55
3 53 40
26 91 40
1 23 28
89 42 1
100 66 13
23 89 93
97 88 98
5 36 8
24 66 29
71 86 34
3 89 85
37 24 17
53 80 34
97 69 86
17 69 21
69 11 77
8 67 44
84 24 17
64 96 55
91 2 82
17 6 40
93 94 28
97 16 13
72 68 30
100 89 76
47 52 75
50 66 61
16 20 13
12 25 45
16 10 4
52 68 11
76 9 32
63 53 74
53 48 15
66 43 12
58 16 65
19 8 1
97 40 45
85 71 33
1 55 20
88 98 52
55 82 21
44 5 97
60 34 72
99 41 62
60 38 13
52 27 3
62 46 1
74 13 7
19 32 69
22 84 76
51 26 61
37 77 96
38 73 58
57 71 100
26 63 84
7 54 41
94 29 22
96 95 29
34 74 94
13 78 5
31 11 66
66 22 24
28 62 38
43 82 18
98 39 27
91 24 30
97 58 73
78 100 69
53 100 79
8 20 80
97 14 17
54 12 86
21 57 20
20 94 40
75 71 84
29 21 89
49 42 78
55 12 25
17 75 28
88 58 41
5 19 45
28 16 5
79 48 79
97 76 47
13 15 75
79 4 33
75 83 75
99 77 4
22 4 96
95 53 33
28 88 81
14 30 25
32 98 7
28 89 30
41 26 27
39 94 64
80 2 41
79 26 26
31 46 91
59 98 12
61 88 67
17 36 76
87 66 72
83 45 78
41 85 26
10 72 100
77 28 9
15 19 12
33 39 73
76 23 47
71 35 27
71 28 4
33 84 61
18 56 55
29 25 59
0 54 4
87 70 20
99 26 64
66 96 69
52 68 7
100 17 30
24 57 38
71 8 8
59 78 24
54 8 62
83 27 46
94 7 87
67 94 53
41 97 37
48 55 54
100 64 45
99 60 89
58 58 81
28 12 87
54 84 77
56 43 8
35 81 8
64 25 83
29 16 45
62 44 84
38 96 19
83 89 31
55 3 20
3 83 27
21 52 78
99 99 99
86 92 88
4 64 60
1 13 64
12 3 26
47 66 68
79 20 6
82 97 70
39 62 19
13 63 44
100 91 95
46 4 73
100 84 72
92 100 81
94 54 91
42 63 85
70 72 24
26 54 1
6 53 79
9 100 8
13 45 52
57 92 78
76 47 70
36 86 34
17 52 13
81 38 96
19 61 77
87 28 17
16 5 23
39 68 89
5 97 10
5 47 9
36 87 6
52 90 42
52 10 20
63 43 23
75 23 60
34 92 25
79 100 64
78 31 43
67 95 83
93 85 66
42 35 78
38 92 85
33 17 14
81 30 41
5 98 52
50 58 100
29 71 99
13 46 10
31 8 81
66 26 38
27 23 72
21 66 14
80 66 44
98 23 27
57 14 13
19 23 85
79 37 2
38 31 43
100 76 79
48 100 7
49 11 58
10 5 43
67 58 20
10 33 33
52 44 12
43 82 22
22 45 39
2 32 95
100 54 94
52 72 19
57 52 31
38 42 11
15 14 85
65 88 97
53 85 73
77 76 20
6 10 20
31 32 20
4 84 60
57 98 14
73 81 29
40 67 34
85 84 21
0 65 91
37 26 33
85 73 70
90 14 81
3 75 98
63 97 5
42 58 87
54 93 10
58 36 22
100 91 42
77 89 85
65 48 46
87 20 40
6 23 99
91 86 25
35 55 63
87 37 94
52 39 2
12 72 15
79 7 62
66 30 100
18 66 28
58 63 62
75 76 37
76 84 67
6 97 77
62 87 92
27 86 68
82 45 77
47 66 45
64 70 73
37 87 8
96 46 59
74 92 31
75 33 74
76 77 73
95 88 7
56 61 7
72 53 57
6 27 73
45 61 96
31 37 19
76 41 73
55 71 19
72 36 27
35 71 80
98 69 74
53 90 67
34 98 65
28 37 95
48 59 23
49 47 74
73 32 97
86 23 47
28 95 81
21 61 42
84 90 1
32 10 75
35 8 16
21 80 63
88 56 9
85 9 98
7 33 36
73 7 6
13 62 69
81 40 43
72 96 80
3 96 47
77 23 24
89 80 48
100 68 14
54 6 54
54 47 14
65 18 82
16 46 80
7 84 93
40 58 61
46 100 56
83 62 4
23 65 87
44 31 91
51 39 32
54 18 72
33 55 85
86 67 92
73 35 23
86 89 75
95 11 94
75 56 53
18 57 73
45 12 15
84 18 41
51 9 46
34 54 33
10 22 75
37 2 41
20 60 75
5 92 68
3 82 67
25 25 97
78 12 41
97 18 34
43 19 26
44 68 69
51 22 21
51 76 26
63 39 40
75 40 70
61 11 61
74 83 52
47 85 3
73 44 1
100 89 96
7 13 7
96 31 25
32 47 87
65 69 32
0 55 55
70 87 37
25 63 58
7 84 22
57 10 21
13 55 55
83 25 47
3 31 48
33 24 78
15 90 92
91 88 3
61 65 100
10 22 55
61 12 61
92 82 14
51 52 94
55 71 46
66 15 25
91 63 85
77 88 1
76 10 62
55 99 81
53 89 74
12 33 57
95 85 81
30 94 18
92 67 54
30 9 85
34 21 80
42 62 90
86 14 22
18 82 44
8 7 32
7 62 58
61 71 58
70 44 46
32 77 66
98 42 24
91 22 82
50 65 61
78 23 25
56 91 37
95 95 17
44 65 58
100 9 27
17 17 24
8 92 17
98 28 93
19 57 99
100 1 1
8 2 87
15 72 4
53 92 12
32 94 82
34 29 37
85 93 63
88 98 54
88 45 37
42 7 15
94 75 65
91 9 77
56 30 6
79 31 94
19 77 96
62 90 75
38 6 39
85 85 34
63 5 13
79 88 11
79 13 6
33 29 79
22 21 46
5 20 37
61 9 64
98 29 77
64 88 26
88 7 40
93 68 55
66 69 9
76 7 28
53 28 74
43 48 99
32 68 96
95 24 55
66 98 21
34 38 11
70 91 100
66 90 100
17 63 22
88 17 98
15 48 19
34 85 73
46 13 67
33 56 65
9 76 39
24 24 77
23 60 91
10 87 38
4 62 87
14 81 78
4 1 83
79 8 72
51 36 99
95 33 26
59 46 2
70 29 55
13 68 39
95 61 13
6 74 68
68 76 65
59 72 79
54 13 86
34 72 48
57 48 78
81 88 84
77 83 32
33 6 28
12 55 55
7 95 21
36 41 40
30 57 67
72 73 82
14 60 30
25 68 86
50 69 97
67 54 42
41 85 37
47 27 41
22 64 65
5 100 52
34 99 40
32 14 83
40 76 92
11 99 92
21 81 30
83 88 33
77 91 2
78 84 95
15 29 66
96 67 6
1 95 53
24 57 9
86 22 44
27 69 53
7 56 41
6 33 77
30 41 28
53 52 65
84 71 12
61 87 41
38 10 22
76 70 22
94 41 86
6 74 32
100 37 76
93 8 68
91 25 16
33 12 86
37 33 85
17 73 94
79 94 60
19 90 69
92 4 28
34 78 66
18 18 95
95 11 94
82 65 54
73 91 41
17 78 67
55 37 9
44 52 32
7 78 53
84 48 1
25 47 39
42 91 58
100 18 7
9 67 98
20 24 95
49 79 11
92 7 98
20 18 1
24 81 77
82 87 30
23 74 80
52 22 97
41 5 75
70 35 42
73 81 87
16 74 2
84 69 3
17 32 44
12 8 16
12 71 89
65 77 76
8 47 90
72 82 11
21 26 87
4 47 5
64 15 25
61 53 3
91 10 23
87 57 12
17 55 29
47 12 95
69 77 100
8 61 41
34 14 7
20 46 63
5 4 81
4 38 5
50 82 26
67 83 21
36 17 39
79 69 11
73 41 26
34 5 87
38 13 28
97 82 93
55 94 27
32 96 39
100 90 10
91 86 32
85 12 5
11 97 8
46 26 68
17 31 57
35 22 38
85 7 21
43 97 35
28 43 83
100 98 41
65 77 35
49 22 17
10 28 72
82 56 91
61 89 91
10 38 38
16 58 42
100 31 11
48 62 3
88 55 34
68 88 5
45 38 11
20 56 69
7 68 97
78 3 72
69 96 28
72 15 93
67 14 93
57 61 15
28 1 34
22 34 52
83 15 78
47 2 34
93 21 57
67 10 77
97 10 91
45 62 57
14 10 10
28 14 70
0 2 42
74 35 78
20 62 88
67 53 15
55 94 1
67 68 52
95 85 18
5 47 66
68 13 87
90 67 82
19 87 86
84 30 23
39 5 87
52 60 75
76 87 22
93 54 6
100 66 7
49 37 81
13 62 100
50 22 39
25 24 95
17 43 82
25 18 17
81 13 32
56 44 57
2 36 39
11 83 30
33 70 76
64 85 30
14 84 31
98 41 60
30 15 68
98 83 39
81 58 33
82 47 46
94 24 53
45 3 87
25 2 9
0 33 60
38 4 1
86 15 32
4 86 31
35 9 73
60 57 42
30 83 16
16 43 68
56 84 29
42 93 63
40 47 81
43 99 74
17 2 33
13 66 1
16 35 59
12 39 71
98 6 75
29 75 87
60 4 61
57 28 81
38 13 25
31 20 6
48 100 27
53 22 1
100 60 84
60 81 83
57 41 42
66 19 66
50 22 86
66 96 69
84 79 77
23 58 58
96 33 27
45 24 72
74 32 14
18 75 8
72 98 89
0 57 27
90 70 34
46 38 10
84 32 46
4 99 34
89 80 24
93 62 88
74 29 63
8 61 3
82 55 91
18 28 91
72 45 65
13 17 1
97 48 53
57 64 92
75 37 68
48 64 69
64 81 11
99 61 22
100 31 47
25 85 66
49 73 97
8 44 91
22 2 57
68 6 13
88 76 98
79 40 83
91 41 56
91 63 31
16 12 2
86 98 75
55 32 37
